308 783 339
283 008 640
342 339 317
135 571 634
260 912 846
617 951 742
005 742 073
214 370 109
599 097 172
090 466 619
115 106 396
978 965 611
140 418 230
725 566 850
963 302 852
647 871 023
897 550 046
070 416 580
572 503 395
403 821 816
832 824 747
066 558 981
840 929 871
226 799 957
258 579 171
118 140 388
369 124 179
091 809 860
338 451 722
443 033 087
357 168 642
203 410 633
531 137 567
717 024 434
891 502 408
972 354 698
397 314 446
206 409 493
915 645 227
880 630 723
519 158 825
956 975 597
133 956 585
726 537 328
454 414 080
450 342 835
904 081 727
718 342 476
585 834 814
948 214 005
636 564 106
872 808 762
261 088 092
199 151 307
957 947 757
841 810 730
966 687 170
340 928 597
790 512 015
514 719 278
118 388 376
728 065 165
069 378 746
019 059 841
897 525 200
907 024 748
034 774 498
405 702 985
219 376 950
482 111 668
425 096 022
919 687 184
328 175 858
683 007 485
121 291 042
710 299 716
726 786 494
149 619 699
303 843 969
665 053 201
280 260 622
807 539 072
139 803 647
129 423 489
615 022 966
490 137 577
455 349 057
744 698 526
169 431 166
284 678 007
388 465 499
475 547 688
463 777 657
949 157 145
314 657 284
451 498 042
135 334 986
973 177 471
072 888 483
781 111 329
336 702 291
955 287 554
766 865 705
179 166 151
394 563 366
467 291 043
610 211 273
422 399 435
888 077 628
912 303 885
065 500 529
984 013 410
976 409 515
825 474 377
963 946 044
078 117 853
712 835 024
027 742 015
413 251 874
091 140 234
219 833 122
146 564 637
970 595 633
273 545 163
375 315 630
639 530 871
939 473 818
805 316 573
093 968 471
850 889 078
626 948 704
539 407 688
111 844 660
389 286 417
926 888 611
547 310 235
536 494 111
374 470 639
999 290 368
072 660 350
754 722 002
223 771 513
813 547 680
914 790 360
120 672 254
301 287 461
495 952 630
429 536 034
433 897 998
512 782 795
400 637 090
718 923 256
712 319 115
662 368 241
403 427 339
882 673 354
135 094 264
536 337 210
537 425 795
379 711 322
315 755 144
421 906 935
907 176 737
347 219 881
496 085 097
050 820 528
187 730 708
038 460 495
974 187 494
221 534 377
500 160 808
473 718 924
849 278 948
382 845 540
922 332 917
850 036 836
093 829 138
716 668 032
654 323 088
989 971 037
228 835 882
528 220 276
861 723 139
235 163 339
468 091 448
728 195 973
769 786 274
160 162 811
194 366 618
518 520 313
012 625 523
470 142 646
833 903 279
635 251 672
921 879 428
231 916 928
402 758 249
597 636 839
623 691 547
714 445 760
220 091 849
387 507 491
987 007 862
574 457 082
391 903 933
941 056 923
764 697 042
899 096 820
137 066 645
281 151 783
136 061 699
891 782 232
338 798 575
056 879 561
433 402 138
614 121 974
670 833 263
668 049 858
313 699 820
071 407 495
178 962 676
922 751 929
140 027 062
161 560 686
929 688 805
848 986 047
352 312 999
057 840 966
965 647 411
998 485 815
672 228 698
662 490 521
874 468 077
769 099 101
545 980 143
331 207 401
364 210 970
437 236 259
680 505 263
160 049 294
197 660 091
964 797 420
553 283 169
362 052 386
483 300 885
785 303 064
339 779 422
985 378 453
502 782 802
898 099 738
950 327 301
963 386 699
154 083 456
359 359 901
112 160 262
305 070 261
169 814 375
357 807 948
344 324 910
869 265 957
920 429 753
405 015 368
038 382 903
605 885 074
523 936 377
372 895 957
076 994 446
782 092 072
712 051 912
048 564 712
768 423 201
268 137 669
995 351 085
991 014 531
243 135 386
758 982 763
103 548 412
448 312 614
280 094 913
606 148 407
296 469 281
224 043 376
644 883 293
179 519 332
029 532 853
978 584 237
251 525 893
421 273 005
573 992 969
852 600 736
264 484 089
143 508 660
136 193 602
672 069 047
820 331 713
122 060 885
731 439 941
561 404 658
209 118 371
627 278 874
785 912 141
804 364 078
921 319 313
374 311 833
602 388 758
716 954 688
955 128 214
523 330 349
755 683 596
587 865 289
291 591 134
701 348 284
814 601 532
300 492 783
327 867 484
524 333 680
408 066 753
073 342 655
521 453 008
188 727 626
805 032 799
887 251 100
981 226 777
986 132 140
446 998 907
385 179 170
623 316 796
129 259 905
889 656 204
430 697 683
541 851 443
693 198 944
925 094 003
571 745 956
572 600 714
197 066 041
105 425 244
729 093 376
033 297 503
648 248 067
447 313 034
156 640 619
069 503 156
651 646 821
961 085 836
721 084 073
710 779 787
276 824 527
308 258 264
416 618 971
788 335 423
628 326 735
798 833 987
485 272 643
281 890 568
458 863 928
268 501 441
594 312 523
080 055 941
170 955 903
469 858 479
717 080 736
616 963 149
512 677 283
704 164 180
562 074 768
868 222 347
116 398 849
646 132 063
568 688 227
230 466 667
261 410 053
960 917 593
095 414 272
224 551 071
825 572 913
487 523 622
467 469 741
844 324 249
641 182 687
048 330 417
034 945 876
032 024 054
422 046 374
362 861 169
591 478 178
136 349 374
634 817 492
377 379 275
657 399 477
459 562 305
457 614 300
943 079 546
765 637 029
966 807 053
467 419 542
864 979 749
661 526 016
766 829 930
336 971 322
979 412 434
655 521 097
855 371 254
635 541 944
167 332 765
230 120 050
796 564 103
496 570 358
594 985 010
212 839 992
354 285 198
026 068 321
478 188 039
733 855 500
458 327 977
756 338 180
674 598 216
338 936 982
288 360 301
457 156 069
964 961 011
182 806 617
934 433 936
694 493 520
839 973 737
963 154 908
857 006 455
707 092 657
539 272 098
932 530 727
195 026 935
598 712 601
778 836 759
353 295 897
207 201 012
904 225 027
843 984 208
222 824 843
443 852 166
775 463 474
901 956 990
311 800 284
743 773 564
837 443 685
258 206 550
145 179 712
908 612 642
210 172 360
078 957 533
684 328 296
061 347 266
885 040 193
813 343 733
988 502 682
048 494 918
992 299 697
433 443 857
740 223 665
142 891 494
033 069 865
207 088 689
370 733 586
550 428 168
405 096 612
851 041 527
821 150 271
048 852 423
397 215 622
960 848 719
708 776 504
232 731 788
792 242 800
826 662 317
071 618 336
038 615 899
915 440 720
879 856 058
254 957 228
646 592 294
127 971 113
557 043 619
020 339 433
287 502 295
774 808 918
510 260 835
929 826 612
416 455 899
696 164 110
566 378 135
188 141 085
093 953 497
281 705 003
584 910 259
575 411 595
962 482 218
565 316 925
395 930 971
073 638 350
802 908 176
655 571 660
969 114 795
210 080 423
865 351 881
145 506 132
550 451 331
421 129 153
768 878 209
114 195 462
337 957 485
453 703 852
650 311 337
852 009 966
142 329 445
633 355 997
421 511 232
138 594 386
927 969 072
096 653 443
826 506 338
036 170 367
121 626 713
228 227 651
196 171 858
246 848 104
809 908 168
400 130 402
963 729 387
652 189 998
066 850 758
846 870 289
497 779 982
186 244 085
793 509 413
590 023 972
686 827 039
369 193 403
513 294 026
199 776 500
254 518 847
563 054 981
436 243 241
312 681 950
441 279 812
435 160 106
970 534 015
504 757 801
385 667 019
227 799 961
326 894 834
127 435 044
259 728 891
418 081 264
361 144 620
380 568 904
041 806 600
673 484 531
616 587 589
141 997 753
700 458 210
830 730 349
023 560 235
497 637 379
780 945 530
606 291 549
204 189 392
975 049 153
183 336 309
366 167 855
938 425 537
218 319 463
802 323 565
835 815 585
767 861 881
294 223 218
838 307 963
978 056 749
936 100 891
254 015 338
766 204 874
652 183 521
599 247 972
954 955 720
377 729 373
470 723 742
535 104 228
845 829 382
088 297 856
819 445 908
002 343 671
864 771 753
905 991 109
284 034 359
747 175 382
469 185 165
059 453 283
724 871 742
206 790 810
772 055 607
533 445 728
751 490 491
043 027 106
354 313 003
021 953 541
213 003 443
469 945 138
245 227 579
763 194 704
481 780 499
367 047 763
835 691 105
131 943 404
836 110 479
584 511 618
028 839 736
545 157 066
941 321 300
966 911 433
753 627 087
268 305 923
511 134 126
639 076 494
477 260 232
871 692 067
571 794 163
839 033 227
272 549 243
913 605 990
336 710 485
746 846 929
223 444 129
314 871 049
544 103 288
256 965 268
829 426 605
491 613 723
617 507 577
732 231 239
993 336 600
754 578 170
676 840 447
110 270 367
425 354 960
471 991 305
297 910 904
915 475 573
420 201 357
440 044 848
716 010 875
640 622 738
921 515 879
863 414 716
465 504 878
849 316 805
029 316 250
966 403 776
779 018 628
841 636 169
991 026 771
124 208 532
701 912 803
308 348 520
031 212 332
156 595 369
168 100 781
232 403 319
345 754 514
254 579 043
077 459 196
497 272 983
493 439 470
519 348 009
567 299 875
067 572 212
916 815 308
841 855 050
044 060 063
393 137 840
937 629 699
413 918 573
517 322 552
892 228 514
645 908 005
730 017 540
155 275 168
068 557 862
453 639 224
616 711 983
305 296 650
418 749 118
757 282 296
884 051 956
838 649 480
587 238 195
773 446 141
131 719 333
685 540 859
786 875 983
318 248 263
498 147 431
628 750 074
569 558 047
765 982 704
109 691 302
420 362 253
933 524 089
591 821 444
201 489 145
445 809 836
800 541 729
761 972 458
112 004 549
392 137 884
032 672 323
769 264 509
830 470 963
473 368 148
090 043 325
034 340 858
937 781 720
760 894 842
550 147 694
300 668 129
054 447 884
750 201 114
927 756 180
693 490 030
276 250 344
203 657 509
239 742 667
173 281 796
623 489 846
763 188 596
698 050 596
886 906 699
218 766 847
869 678 028
741 722 092
865 482 713
431 235 862
620 944 513
931 178 278
191 894 371
521 636 803
762 230 396
948 940 620
318 149 569
372 690 262
023 119 464
619 297 970
944 283 893
310 033 098
047 593 128
732 094 307
572 415 225
139 858 113
195 696 195
588 548 473
408 422 648
741 674 882
954 767 362
588 751 556
471 745 685
841 664 367
382 521 429
114 845 917
471 754 858
747 371 322
523 838 895
102 541 465
882 043 478
486 759 615
221 959 981
885 415 574
392 940 480
610 121 388
904 855 565
842 697 420
348 430 318
449 733 072
451 617 470
850 393 329
519 669 670
259 339 941
498 154 104
477 268 885
979 142 870
947 886 199
327 512 422
998 595 225
038 323 887
389 243 724
115 158 896
510 998 216
164 652 778
528 653 886
219 395 357
519 202 520
603 797 466
633 879 548
323 031 988
572 468 958
641 240 517
752 970 438
819 004 254
571 892 579
255 575 777
191 433 644
334 930 750
302 191 226
576 040 651
394 747 540
712 182 879
283 871 328
976 485 474
562 869 656
561 706 619
192 133 857
225 387 150
795 515 482
249 071 210
683 001 869
536 224 386
976 793 635
460 333 582
444 053 268
272 410 569
078 762 069
484 389 155
004 054 113
474 169 050
945 846 839
872 304 233
517 575 908
837 930 810
074 334 992
065 559 143
593 600 530
149 941 971
960 572 245
768 899 751
556 765 064
490 580 914
220 145 833
294 883 109
644 211 454
051 172 243
545 474 321
541 114 548
309 387 781
641 816 011
827 018 391
206 213 412
430 852 524
861 572 548
807 415 212
644 827 097
861 425 081
966 118 186
558 745 857
882 209 598
197 159 439
353 195 681
529 052 258
370 849 049
573 244 804
520 191 077
948 800 631
035 513 099
109 273 625
823 632 386
581 544 193
973 798 236
957 261 722
753 371 252
588 202 480
819 511 046
556 082 493
714 048 245
752 767 866
939 228 869
298 380 560
391 975 419
453 944 947
787 400 038
535 961 253
831 060 438
683 059 428
805 959 137
278 493 848
804 507 986
014 567 258
194 648 363
058 132 008
783 788 885
084 092 602
051 823 458
133 596 901
261 663 701
386 737 184
153 229 450
073 734 182
966 370 498
035 782 338
187 442 764
607 460 882
030 339 674
754 509 480
600 962 123
122 197 933
015 193 277
333 703 237
749 695 500
383 828 489
269 206 123
039 772 701
521 345 629
650 648 812
983 674 445
853 698 534
442 249 005
423 589 619
002 985 810
729 233 901
660 267 870
995 800 797
696 443 849
975 523 178
270 766 853
070 020 813
537 078 496
098 635 374
192 616 475
342 922 035
348 703 033
471 896 853
051 804 193
120 192 722
265 748 310
563 191 301
009 844 210
218 172 554
374 845 952
481 062 199
870 271 658
568 564 129
266 136 790
582 456 812
873 434 166
352 684 091
210 866 670
719 781 795
132 902 365
107 293 711
688 054 217
959 034 508
333 089 800
366 346 115
285 518 627
473 150 788
199 797 223
006 211 698
981 365 160
995 983 345
159 140 149
710 987 890
754 394 250
191 459 483
649 275 900
056 511 489
179 294 901
252 671 335
226 535 685
329 554 602
041 342 081
280 865 806
039 716 832
166 957 743
224 838 707
100 374 796
681 962 972
530 099 041
045 481 700
214 556 409
222 619 924
409 824 194
633 005 079
308 219 195
444 273 163
684 376 908
645 825 405
045 972 971
439 541 378
431 899 511
119 130 033
727 135 664
735 624 148
066 041 077
875 545 594
497 172 714
560 795 686